Point correspondences:
 [((391.3143225806453, 81.75767741935465), (103.7080000000002, 54.024903225806156)),
 ((387.047741935484, 148.6007741935482), (98.73032258064529, 121.57909677419343)),
 ((304.56051612903235, 196.95535483870958), (13.39870967741956, 169.93367741935458))]

affine params:
 [[ 9.71439033e-01  8.42182351e-03  2.90113335e+02]
 [-6.22482607e-03  9.89015013e-01  2.89718013e+01]]

inverse affine params:
 [[ 1.02934451e+00 -8.76524390e-03 -2.98372625e+02]
 [ 6.47865854e-03  1.01105183e+00 -3.11715380e+01]]

Over-constrained point correspondences:
 [((391.3143225806453, 81.75767741935465), (103.7080000000002, 54.024903225806156)),
 ((387.047741935484, 148.6007741935482), (98.73032258064529, 121.57909677419343)),
 ((304.56051612903235, 196.95535483870958), (13.39870967741956, 169.93367741935458)),
 ((443.22438709677425, 265.22064516129024), (151.35148387096797, 238.91006451612884))]

Over-constrained affine params:
 [[ 9.91599074e-01  2.64652779e-02  2.86643901e+02]
 [-1.74066143e-03  9.93028389e-01  2.82001008e+01]]

Over-constrained inverse affine params:
 [[ 1.00835061e+00 -2.68729347e-02 -2.88273068e+02]
 [ 1.75091443e-03  1.00697405e+00 -2.88971579e+01]]