Point correspondences:
 [((460.3304516129032, 167.42103225806454), (184.81948387096793, 165.21961290322588)),
 ((369.3384516129032, 221.72270967741952), (89.42464516129041, 205.57896774193557)),
 ((377.41032258064513, 139.5363870967742), (111.4388387096775, 124.12645161290334))]

affine params:
 [[ 1.02965571e+00  1.79186228e-01  2.40424935e+02]
 [-1.60719875e-01  9.65571205e-01  3.75938958e+01]]

inverse affine params:
 [[ 9.43858039e-01 -1.75156800e-01 -2.20342181e+02]
 [ 1.57105706e-01  1.00650145e+00 -7.56104400e+01]]

Over-constrained point correspondences:
 [((460.3304516129032, 167.42103225806454), (184.81948387096793, 165.21961290322588)),
 ((369.3384516129032, 221.72270967741952), (89.42464516129041, 205.57896774193557)),
 ((377.41032258064513, 139.5363870967742), (111.4388387096775, 124.12645161290334)),
 ((442.71909677419353, 196.03948387096784), (165.0067096774195, 189.43522580645163))]

Over-constrained affine params:
 [[ 1.02230182e+00  1.71230512e-01  2.42410977e+02]
 [-1.50983873e-01  9.76103976e-01  3.49645260e+01]]

Over-constrained inverse affine params:
 [[ 9.53284774e-01 -1.66768762e-01 -2.25294338e+02]
 [ 1.47681584e-01  9.98115740e-01 -7.06596559e+01]]