Point correspondences:
 [((466.0049350649351, 301.4200000000001), (24.34363636363628, 297.9228571428571)),
 ((483.4906493506494, 520.5742857142857), (42.995064935064875, 518.2428571428572)),
 ((474.1649350649351, 77.60285714285715), (34.83506493506502, 75.27142857142849))]

affine params:
 [[ 8.80386798e-01  4.83498003e-03  4.43132668e+02]
 [-7.98822787e-02  1.00147152e+00  5.00336985e+00]]

inverse affine params:
 [[ 1.13536702e+00 -5.48141087e-03 -5.03090789e+02]
 [ 9.05624404e-02  9.98093422e-01 -4.51250064e+01]]

Over-constrained point correspondences:
 [((466.0049350649351, 301.4200000000001), (24.34363636363628, 297.9228571428571)),
 ((483.4906493506494, 520.5742857142857), (42.995064935064875, 518.2428571428572)),
 ((474.1649350649351, 77.60285714285715), (34.83506493506502, 75.27142857142849)),
 ((485.82207792207794, 198.8371428571429), (46.492207792207864, 198.8371428571429))]

Over-constrained affine params:
 [[ 9.08333974e-01  4.04409531e-03  4.42508767e+02]
 [-1.35364125e-01  1.00304161e+00  6.24196215e+00]]

Over-constrained inverse affine params:
 [[ 1.09918338e+00 -4.41934093e-03 -4.86337800e+02]
 [ 1.50252241e-01  9.96341395e-01 -7.27613253e+01]]