Point correspondences:
 [((563.8896103896104, 371.85714285714266), (22.681818181818244, 370.92857142857133)),
 ((572.2467532467532, 452.6428571428571), (32.89610389610402, 450.7857142857142)),
 ((552.7467532467532, 505.57142857142844), (11.538961038961133, 507.42857142857133))]

affine params:
 [[ 8.89014723e-01 -9.06002265e-03  5.47085761e+02]
 [ 1.52887882e-01  9.92072480e-01  4.01339883e-01]]

inverse affine params:
 [[ 1.12307692e+00  1.02564103e-02 -6.14423510e+02]
 [-1.73076923e-01  1.00641026e+00  9.42840077e+01]]

Over-constrained point correspondences:
 [((563.8896103896104, 371.85714285714266), (22.681818181818244, 370.92857142857133)),
 ((572.2467532467532, 452.6428571428571), (32.89610389610402, 450.7857142857142)),
 ((552.7467532467532, 505.57142857142844), (11.538961038961133, 507.42857142857133)),
 ((548.1038961038961, 390.42857142857133), (7.824675324675582, 388.57142857142844))]

Over-constrained affine params:
 [[ 9.58182454e-01 -3.06352474e-04  5.41426388e+02]
 [ 5.73347227e-02  9.79979546e-01  8.21959531e+00]]

Over-constrained inverse affine params:
 [[ 1.03868600e+00  5.33439853e-04 -5.62375828e+02]
 [-5.40977104e-02  1.02011826e+00  2.09041724e+01]]